data.base3 <-
structure(list(easting = c(233396.6, 233403.55, 233410.28, 233418.36, 
233404.8, 233400.73, 233393.05, 233437.49, 233420.23, 233408.78, 
233402.83, 233403.32, 233408.27, 233418.47, 233424.27, 233432.18, 
233440.21, 233448.02, 233455.6, 233445.34, 233441.98, 233453.75, 
233438.13, 233422.74, 233414.52, 233402.68, 233392.7, 233387.36, 
233369.5, 233377.27, 233383.44, 233392.74, 233401.5, 233410.86, 
233421.04, 233432.71, 233438.39, 233449.82, 233517.31, 233523.16, 
233530.42, 233535.69, 233542.8, 233548.91, 233553.93, 233549.68, 
233539.42, 233551.59, 233559.84, 233569.51, 233579.7, 233578.51, 
233579.64, 233581.05, 233578.77, 233575.65, 233569.34, 233563.49, 
233552.38, 233545.84, 233537.12, 233530.06, 233520.67, 233505, 
233494.28, 233477.28, 233498.77, 233479.81, 233464.59, 233450.48, 
233455, 233465.47, 233471.38, 233482.8, 233508.62, 233499.27, 
233491.27, 233478.41, 233469.76, 233458.28, 233250.06, 233474.42, 
233486.1, 233498.97, 233512.24, 233523.21, 233518.74, 233507.62, 
233495.03, 233482.7, 233471.9, 233256.44, 233467.93, 233483.78, 
233488.92, 233500.08, 233504.39, 233510.35, 233526.84, 233519.09, 
233526.21, 233538.28, 233263.04, 233537.37, 233528.95, 233525.21, 
233519.7, 233513.79, 233509.18, 233506.47, 233521.67, 233526.27, 
233531, 233274.59, 233537.12, 233541.01, 233546.16, 233552.61, 
233551.26, 233509.43, 233499.93, 233492.09, 233479.58, 233487.76, 
233282.22, 233496.39, 233501.58, 233507.28, 233513.5, 233518.15, 
233490.76, 233501.29, 233498.68, 233497.41, 233497.72, 233290.4, 
233448.01, 233440.31, 233433.47, 233428.45, 233423.16, 233420.33, 
233440.66, 233448.52, 233453.11, 233456.64, 233300.69, 233464.3, 
233476.81, 233473.34, 233469.04, 233466.56, 233462.89, 233459.02, 
233464.92, 233477.46, 233468.9, 233312.22, 233457.99, 233416.5, 
233474, 233466.16, 233458.99, 233452.59, 233445.45, 233440.79, 
233436.38, 233428.09, 233320.86, 233420.86, 233410.83, 233403.74, 
233398.18, 233392.14, 233384.84, 233376.08, 233369.9, 233364.68, 
233354.59, 233328.68, 233348, 233343.17, 233338.23, 233334.16, 
233335.5, 233337.68, 233341.16, 233344.01, 233349.59, 233353.29, 
233360.59, 233370.09, 233308.01, 233284.23, 233255.44, 233282.41, 
233285.16, 233287.48, 233290.05, 233294.96, 233299.49, 233306.22, 
233313.06, 233320.34, 233323.91, 233331.33, 233340.16, 233350.28, 
233364.54, 233371.24, 233373.83, 233375.17, 233369, 233347.54, 
233338.61, 233322.67, 233326.86, 233337.3, 233350.23, 233359.62, 
233362.74, 233361.49, 233364.98, 233314.12, 233308.21, 233326.62, 
233316.48, 233311.1, 233307.66, 233312.92, 233312.08, 233314.66, 
233316.33, 233321.36, 233329.12, 233337.21, 233343.48, 233349.88, 
233351.04, 233333.4, 233387.36, 233382.25, 233379.52, 233378.74, 
233374.54, 233371.17, 233365.02, 233358.62, 233347.82, 233337.93, 
233352.43, 233359.77, 233371.02, 233376.89, 233381.16, 233389.9, 
233537.65, 233592.88, 233601.81, 233607.91, 233618.37, 233627.8, 
233646.7, 233640.9, 233636.03, 233631.96, 233629.01, 233543.25, 
233623.97, 233655.99, 233666.15, 233675.78, 233694.21, 233725.12, 
233734.45, 233726.51, 233718.78, 233707.9, 233547.49, 233697.46, 
233688.07, 233679.66, 233671.91, 233663.45, 233553.98, 233711.07, 
233701.07, 233693.98, 233557.44, 233685.78, 233675.7, 233664.11, 
233677.28, 233665.46, 233654.33, 233642.92, 233635.54, 233609.62, 
233625.88, 233563.25, 233618.96, 233643.19, 233570.08, 233634.91, 
233576.23, 233584.02, 233359.64, 233359.67, 233364.23, 233367.86, 
233382.21, 233374.88, 233406.61, 233426.46, 233429.45, 233435.66, 
233417.73, 233404.4, 233397.69, 233386.81, 233450.95, 233447.12, 
233444.92, 233454.23, 233469.02, 233472.15, 233478.81, 233468.74, 
233460.84, 233494.05, 233490.89, 233486.3, 233510.05, 233513.59, 
233521.03, 233512.35, 233503.73, 233536.06, 233533.36, 233530.84, 
233532.82, 233555.47, 233558.09, 233574.39, 233563.29, 233553.32, 
233544.54, 233535.8, 233508.93, 233499.12, 233485.95, 233461.46, 
233441.83, 233440.34, 233438.61, 233458.64, 233427.66, 233407.18, 
233405.94, 233420.11, 233425.27, 233426.38, 233720.84, 233725.66, 
233733.78, 233744.07, 233748.64, 233743.35, 233740.2, 233721.47, 
233708.71, 233711.48, 233712.12, 233713.87, 233717.01, 233720.87, 
233649.64, 233648.7, 233650.91, 233648.83, 233652.66, 233643.25, 
233634.12, 233626.34, 233617.95, 233606.6, 233605.8, 233606.86, 
233607.33, 233578.54, 233699.8, 233712.36, 233720.1, 233733.86, 
233725.98, 233718.59, 233711.71, 233705.36, 233695.12, 233685.32, 
233687.95, 233689.37, 233693.39, 233695.72, 233698.12, 233747.45, 
233748.42, 233744.14, 233738.73, 233731.84, 233728.74, 233722.66, 
233722.26, 233718.36, 233716.11, 233713.96, 233709.75, 233708.98, 
233701.78, 233701.29, 233700.65, 233697.82, 233692.42, 233675.05, 
233674.3, 233671.22, 233672.7, 233672.02, 233674.56, 233676.93, 
233677.66, 233696.82, 233713.05, 233716.24, 233721.45, 233724.2, 
233743.71, 233735.9, 233725.08, 233731.11, 233736.95, 233738.58, 
233742.41, 233745.54, 233720.19, 233735.91, 233720.56, 233723.93, 
233727.29, 233713.87, 233702.95, 233693.91, 233684.87, 233677.23, 
233664.97, 233656.13, 233646.03, 233637.37, 233631.8, 233622.1, 
233613.17, 233608.13, 233597.7, 233600.88, 233611.55, 233619.48, 
233627.19, 233637.77, 233648.92, 233661.6, 233673.34, 233681.29, 
233691.14, 233697.29, 233705.77, 233712.63, 233736.82, 233744.18, 
233694.47, 233704.35, 233711.49, 233718.6, 233727.85, 233660.06, 
233665.43, 233670.65, 233613.28, 233608.04, 233598.73, 233615.47, 
233624.2, 233640.46, 233255.06, 233266.13, 233273.3, 233280.49, 
233286.57, 233293.82, 233302.45, 233312.46, 233271.34, 233286.02, 
233299.85, 233289.5, 233284.31, 233280.33, 233274.54, 233266.1, 
233256.86, 233252.62, 233262.15, 233269.82, 233278.9, 233287.4, 
233296.51, 233305.61, 233316.2, 233315.75, 233263.43, 233268.9, 
233514.36, 233513.39, 233515.7, 233550.87, 233553.13, 233554.48, 
233337.82, 233342.93, 233351.65, 233360.2, 233367.11, 233269.15, 
233286.33, 233296.65, 233307.25, 233317.46, 233325.87, 233342.09, 
233354.5, 233366.11, 233361.44, 233354.58, 233347.4, 233338.63, 
233329.61, 233318.84, 233308.23, 233301.84, 233312.05, 233321.94, 
233330.31, 233340.37, 233347.8, 233357.35, 233367.75, 233378.54, 
233389.63, 233399.4, 233412.38, 233428.26, 233436.44, 233443.81, 
233431.78, 233422.38, 233417.6, 233411.04, 233404.44, 233397.36, 
233388.27, 233383.14, 233378.93, 233372.37, 233366.6, 233357.6, 
233350.23, 233341.04, 233329.64, 233431.09, 233444.54, 233473.71, 
233489.79, 233506.39, 233486.83, 233483.8, 233481.15, 233481.36, 
233480.94, 233481.48, 233479.71, 233479.14, 233480.1, 233468.88, 
233456.19, 233445.82, 233433.13, 233420.3, 233399.21, 233400.7, 
233407.56, 233412.28, 233418.37, 233424.68, 233427.82, 233435.03, 
233442.85, 233453.21, 233463.62, 233517.4, 233522.23, 233531.23, 
233540.5, 233548.32, 233556.84, 233566.91, 233577.96, 233575.82, 
233575.56, 233564.34, 233551.66, 233538.44, 233528.3, 233515.46, 
233518.02, 233519.99, 233522.94, 233533.41, 233541.54, 233550.52, 
233560.64, 233568.57, 233582.17, 233581.6, 233581.08, 233582.57, 
233581.6, 233605.21, 233615.61, 233625.6, 233634.73, 233652.84, 
233651.73),