x <-
c(-0.64439522083592, 0.595121495021837, 1.27497085676549, -1.11472441201221, 
-0.686003504701472, 0.113168450546833, -0.101397232708719, 0.0416108595587099, 
0.808474363964767, -1.63510410001692, -2.00675265931350, -1.18623044737357, 
-1.10287875829506, 0.672308376186488, 0.570063964947232, 0.545920778575594, 
0.984757427032712, 1.26343633622711, 1.00893289103098, 2.04705026699034, 
-1.42831326574190, 1.73450730771187, 1.80026037095899, 0.670538174192148, 
-0.877987708598619, 0.429296352467522, 1.70718784370484, 0.484890390789666, 
-0.463430933448359, 0.497893257627471, -0.225557098648065, -1.40398178558870, 
0.0440500671289223, 0.594370654670499, 1.6117628437849, -0.667961419413363, 
0.778026706392791, 0.0760670454570453, 0.613810443314462, 0.592020197743482, 
0.202760421604964, -0.400961082777632, -0.709520295611534, -0.0987843572424172, 
0.275720163506142, 0.922193714929346, -0.0342066891541131, -1.07957114249943, 
-2.01100961795151, 0.334482262998759, 0.530501664258772, 1.13448844116911, 
0.354704598214841, -0.0404157986755131, -0.444739959828088, 0.242249678869748, 
0.0719619837266507, 0.78095953313378, 0.537662947611359, 0.724050378237461, 
-2.00325640096812, -0.710378098579413, -2.15231019404160, -1.14102718205083, 
-1.40018013650264, 0.285206849707838, -0.101278580729741, 1.30339358532522, 
-1.47097905238042, -0.542604246774635, -1.83350787106618, -0.879219172430492, 
0.768193443998557, -1.17514129874649, -0.476812798294818, 0.0205836960683405, 
-1.75046215952109, -1.04918673847740, -0.673803190659672, -0.236370977052558, 
-0.199264723835303, 0.892926448944932, 0.454853939740095, -1.20978706751748, 
0.207138274418458, -0.0269208599837514, -0.911356058658114, -0.779929207696158, 
0.041010526681017, -0.651110432566212, 0.448769483501826, -1.3290183972891, 
0.255614967170864, -0.227965190032581, -0.125798850794253, -1.39374404881819, 
-0.416559013823022, -0.773393770176757, 0.136286817253794, 1.07892165856736, 
0.284991108688425, -0.320574416846555, 0.45293240734785, -0.098145541498139, 
0.721675976710457, -1.54433640081390, 1.59635718664328, 0.80143924872495, 
-0.948432043643737, -0.453467270063618, 0.579940180258997, 2.05454901055008, 
-0.729679128118948, -1.18981645168248, -0.0970592521723006, -0.757378925632806, 
-0.738014655766255, -1.57801728951196, -0.926593417674544, 0.132623121609835, 
-0.0724842993140733, 0.42111191889216, 1.84544534376209, 0.288454507650445, 
-0.813536303128991, 0.966284101805392, -1.89714738653756, 0.771647650210068, 
-0.0239669493355024, 0.478528519728962, -0.0430064323049217, 
-1.68227845586982, -0.604038719431955, 0.0345251675183795, 0.168470627228812, 
0.559782537157543, 0.353632722507634, -0.467388905681736, 0.87245833015099, 
-1.14325004730354, 1.36900065317862, -1.50050733005932, -1.16629128481032, 
-0.831313686239205, 0.375185170729448, 1.69222875560310, 0.229789722288438, 
1.81704980034051, 0.461655326390684, 1.3206797175426, -0.408208460853542, 
-0.0053404459153672, 0.8481038023648, -0.0358470770928760, -0.235135491900985, 
0.0888282347316851, -0.76357102486542, 0.796502671433258, 1.06996541521846, 
1.66497615981373, 0.305044517447910, 0.0649884702708219, 1.80479709358044, 
1.44120635743873, 1.45881558725757, 0.678809074487527, 0.055636577285668, 
1.29797950299934, 1.07068821474334, -1.77323421784503, -0.00855917290595887, 
-0.876699517099677, 0.724558892084573, 1.10818694015073, -1.17170388963725, 
-0.686792474832951, -0.00332387980973425, -0.170975746800836, 
0.0709242148968872, 0.773872306045991, -1.58741799682222, -1.96764753059987, 
-1.13285364021979, -0.953818508689264, 0.831344580228055, 0.518884716444848, 
0.331543831659917, 0.942696492551336, 1.21490833160233, 0.952919813552073, 
1.84976079584219, -1.52328501802720, 1.6465351490911, 1.79860838851049, 
0.899840704240486, -0.877188101824512, 0.371536579818699, 1.74548301256795, 
0.316311367732276, -0.469973678718349, 0.393407154463096, -0.244093102594429, 
-1.26144466684955, -0.0192799480767607, 0.63321074615324, 1.6337247697442, 
-0.526324179552678, 0.808074296809077, 0.140887643186394, 0.693668129736683, 
0.503578683445317, 0.101067035397088, -0.389700398533009, -0.637947931095442, 
-0.134356694081103, 0.110056997800405, 0.958561047277708, -0.0362535427585742, 
-1.04291821731361, -2.02742836566529, 0.0788722932661329, 0.382734415708366, 
1.24388919448941, 0.257160376962388, 0.0337793363168705, -0.440715131143155, 
0.198239990697318, 0.141030893718356, 0.918846105304197, 0.546407741587223, 
0.656168923594763, -1.94133670267845, -0.615023666220691, -2.11680660951215, 
-1.05063323355282, -1.4296550899263, 0.227309021110556, -0.00311320563911054, 
1.21541399893450, -1.50421015596036, -0.473589297710054, -1.81273821298700, 
-0.710458466778454, 0.817094501363664, -1.41564312484166, -0.522942071127222, 
0.00362855207423413, -1.64497809405576, -1.15501948647104, -0.704070669685473, 
-0.255958035910183, -0.0438000651565412, 0.896143886101056, 0.557423651020605, 
-1.02748440085267, 0.210937492874056, 0.207344589554176, -0.848609075741224, 
-0.732266151767004, 0.0507292749708402, -0.659157086382563, 0.588299835310002, 
-1.37639681183164, 0.230752529645380, -0.261487372887727, -0.181092159361463, 
-1.42820130625021, -0.338272380707940, -0.936598956790278, 0.255461823336027, 
0.992084246230144, 0.143684781584451, -0.368542398267520, 0.377980083482296, 
-0.079256140968424, 0.682637636012298, -1.66362190422302, 1.67900366815806, 
0.916654018601597, -0.982990436137541, -0.718500066655406, 0.724265052093982, 
2.11057688597662, -0.630266531682963, -1.02660654123984, -0.123182288293475, 
-0.637447359211861, -0.601352760309777, -1.44949025619412, -1.10180731927297, 
0.336553910131916, -0.130206524000607, 0.334712865955302, 1.89988015054138, 
0.227814676222943, -0.84868031825617, 1.11656840272117, -2.00670056558925, 
0.802812382443308, -0.0433472538472902, 0.298497764578714, -0.0472764414107976, 
-1.58431333797611, -0.471510980745642, 0.134152028026696, 0.134264874981996, 
0.567626908049393, 0.24004430140782, -0.400695749804543, 0.855232393321086, 
-1.20059415021696, 1.30969291129857, -1.57034505593889, -1.21667293672936, 
-0.833439147882687, 0.338996937771953, 1.75335863488027, 0.229824715060583, 
1.55193063453071, 0.50989546372822, 1.33118714411719, -0.246063270376643, 
-0.286246418748081, 0.833751396488558, -0.140042805427794, -0.228563818800559, 
0.048646765818101, -0.810089335651293, 0.874169395582219, 1.06749173551554, 
1.54437403104345, 0.124217425927755, -0.00348201500917966, 1.98183681437353, 
1.41251051366219, 1.42861339607008, 0.837545527817948, -0.00512415955678502, 
1.22519315202349, 0.997052058145761, -1.69881706641403, 0.0147011187690665
)
