given_rnorm <-
c(-0.524723753485695, -1.62626220900840, 0.0569375042247107, 
0.608974248863972, -0.591523174605894, -0.356280970553353, -0.166060055416640, 
1.04302141791957, 1.96999868828283, 0.773579701479987, 0.0777307778340514, 
0.148270460350981, -0.517734873707184, -0.0338565230563182, -0.693720117752492, 
-0.224546016818497, 0.588938478913125, 0.70065348263912, -2.03775715897581, 
-0.739128932647028, -1.84005437915980, 1.03943106075783, -0.740242203863251, 
-1.32971767468579, 0.487036292694263, -1.21013456913146, 1.87117865276396, 
0.746212717343764, 0.385610955196419, -0.709383784260881, 1.80689908469883, 
-1.19438427572098, -0.09068189394287, -0.642895759081542, 1.05063200291616, 
-0.113197138020665, 0.360490239935969, 0.84194879541138, 1.81243671819965, 
1.40764983592047, 0.0890444835846275, 0.238911084897408, 1.23160438948275, 
1.22198206015353, -1.02355955229619, -1.22758326751304, 0.713169941324716, 
-3.11368375748764, 0.666609860133081, 1.73761008115536, -0.757346608143511, 
-0.059633516530682, -0.84267922127963, 1.00188418388106, -0.119316814912958, 
-0.247503487415203, -0.9536332332096, 1.85159063144736, -0.249750279042249, 
2.46669165948122, 0.628879962042888, 0.86058530853652, -0.112289431181625, 
-0.705483956724106, 0.771205979584337, 1.41474804762655, 1.28830605355338, 
-0.295827233516659, 0.798003241219456, 0.188267469957551, -1.32326740723669, 
0.173583620162253, 0.601221555082378, -1.98537189699714, 0.485744639076825, 
-0.565299528409868, 1.40449497938686, 0.418081983345078, 1.9957260238755, 
-0.91716050274952, -0.096349150748933, 0.368828899655555, 0.588608991287701, 
-0.883165897729586, -1.49187490727332, 1.05401672291681, 1.03793241692245, 
0.116855299436652, 1.13405612857427, 2.48555749276203, 1.15934538971228, 
-0.88962677740737, 0.441893316532227, 0.0260500894538992, 0.348058781196534, 
0.568679817557369, -2.56083025285698, 1.99432032925502, 1.48670817901133, 
-1.59168638892284, -0.30839276139654, -0.626758491092727, 0.531025816072498, 
-0.269213973036892, 0.558539464882408, -0.944079508995903, 0.135063035760260, 
0.9356454734375, -0.545555472644393, -0.818489436225579, -0.889579271300782, 
-0.103148153830583, -0.189264185164321, -0.396850473120097, -0.953367502789967, 
-0.689385575218758, -1.52564733245789, 0.0103420965509771, -1.50191525096131, 
-0.487538628946389, 0.407264000298366, 1.95407351191630, 0.499000960547725, 
-0.777169195305855, 1.11613071676974, 0.157456194575015, -0.646135741071949, 
-0.956722702575897, -0.377080853982982, 0.0925168986648753, -0.720512213183785, 
-1.16045921629305, -1.12119597382873, -0.398979389410493, 0.0660052132442973, 
-1.73484449811405, 0.493516553075652, 0.489054301192412, -0.261335170855031, 
-1.57070594726236, -0.576706149106663, 0.40156935402971, 0.37946468622277, 
-0.687108192085422, 0.712692965570259, 0.165446382773123, 1.06996115401772, 
1.13420594349535, -0.735041030614755, -0.195782859451511, 0.171870318898454, 
-1.14038765159597, 1.78549843509256, -0.650423959942124, -0.27417291888944, 
0.415390783324505, 0.439960104335929, -1.57380607227609, 1.18629467814157, 
0.662165857823155, -0.521218994007869, -1.72670952994657, -1.19455822368223, 
-0.713775403344961, -1.19064455862706, -0.542290895755499, 1.35145650824063, 
0.05872183861108, -0.940112976117771, -0.711651152081087, -0.681748501621215, 
-1.66591184759045, -0.784794455254369, 1.96173517086410, -1.73105499876259, 
-0.655393330962506, -0.607622446118331, -0.425023670762886, 0.443646812713737, 
0.271086640307202, -1.00413338955138, -0.245270127672637, -0.423024014430735, 
-0.407261850798589, 0.540613922873664, -1.15037540128904, -0.960441250430097, 
-0.388461655565224, 0.321580630079912, -0.737928571371233, 1.10415981043508, 
1.48904517219524, 2.52691469289247, -0.666486186813842, -0.0973009145320705, 
0.460682500852019, -0.297810549196821, -0.339400670274604, 0.431027916138935, 
1.25542049076525, 0.554051272854522, -0.787891047394569, -0.357962094404894, 
0.00752774641105402, 1.12035522743242, -1.33977532539497, -0.295191105571153, 
-1.97350669076064, 1.36511217149285, 0.0361776695123167, -1.93943306799390, 
-0.767668270989056, 1.50864359191811, -0.820119052763032, -0.673618100581324, 
-1.37711201377225, -0.30333259999396, -0.386358596780013, 1.55962334620500, 
0.578179408267205, 0.467513229961235, 0.270151462717464, -0.133657620456041, 
0.899111350145323, -0.446748852778732, 0.840201575648547, -0.335896116050562, 
-0.0198114217097459, 0.482890076062789, -0.539017280481549, 0.198683934545167, 
0.165732709380677, 0.753226560415604, 0.990528643126376, -2.22234895098049, 
-0.570882562946024, 0.623264841121361, 0.240061159119363, 0.337737426797080, 
-0.618921162060989, -0.37231912299635, -0.48998716137926, 0.273148114578030, 
-0.261486123489809, -0.0391541250995963, 0.999338164319659, 0.0445254431729005, 
0.866774365192412, -1.72030275208618, -1.04350690233283, -2.17373977974991, 
0.745304592133237, 1.67138302098998, 0.581560118011248, 0.455024520390647, 
1.69529969709551, -0.290648369223775, 1.13436209867320, -2.20252522485845, 
0.248733403666070, -0.256033414366636, -1.9086196082922, 0.532077083908054, 
-1.04755315721958, 0.43787941664802, -0.518347655917295, 2.01951182197486, 
0.148458033254587, 0.763616742861391, 0.644856231309436, -1.14460662085541, 
0.5942126264236, 0.204648509841894, -1.76090378722934, -0.0138213259807917, 
-0.225457182745760, -1.97721128449172, 0.15130525336177, -0.696694585735373, 
-0.248093325684132, 0.385482918143024, 0.947151214356914, 0.552856988399808, 
-0.416009843807224, 1.32704037986947, -0.250942603805630, -0.715925469269014, 
0.718033885077841, 0.785230395417437, -0.0180388903738151, 0.409542928155618, 
-0.298983890513477, 0.43500418926176, -0.756418790271323, -0.136673022175845, 
1.21282171396424, 0.0390277373131004, 0.589502313621687, 1.32239411014064, 
-0.848973130053555, 0.0102556808648677, -0.650441710897443, 1.24377307237911, 
3.67744101156265, -0.138799208729527, -2.34540633960382, 0.419803518424868, 
-1.75745813212882, 0.452658725446772, -0.628036109926576, -0.688851970488662, 
1.17456635472443, -1.72869591795975, -1.13245018309417, -0.983166261704326, 
0.976661275103766, 0.0785351529720257, -0.532990106667095, -0.435538416911917, 
0.291218299639743, 0.797816300802915, -0.44601378418573, -1.38138357945684, 
-0.581634992200685, 0.335929670984954, -1.35753364686939, 1.07918662851135, 
1.16114838285106, 0.788521207118535, -1.48211565877048, 1.02318600151237, 
-0.337061960644432, 1.72985073674196, 0.0476506025803617, -1.10200851032219, 
-1.35130051825911, 0.958451583284737, 0.317790344856276, 0.331961576114915, 
-0.48394105125934, -0.0178194871923946, -0.0156440488430137, 
0.34881848839108, 0.0189235349236594, 0.271972613355963, -1.28397239640936, 
0.201460868023576, -0.493907164866618, 2.37288518049533, -0.608141670736693, 
-0.736450690125623, 0.226992758736486, -0.502384186330023, 0.688370897420144, 
0.283398282766922, 0.0530129420423797, -0.94203548183339, -0.304085335572139, 
0.524961697443693, 0.885545228842978, 1.14266854573215, -1.17316604711851, 
-1.13016770387827, 0.294974371807841, -0.849992853013407, -0.243307597201632, 
-0.852258967748676, 0.0405059871549430, 0.377092071489338, -0.0618830689234155, 
-0.96938474410061, -0.556226736298108, 0.693341003204489, -1.85011301387511, 
0.197711110888349, 0.0962505419646096, -0.659704734057362, 0.0976500125458267, 
0.828401552547303, -0.00769984823481072, 0.234914895407002, -0.774746418290009, 
-2.38927480435209, -1.46628538551787, 1.2403362807953, 1.56749119692975, 
0.757822038957024, -1.18664726675239, -1.55838822093490, 1.71164065357955, 
1.24925776525581, 0.421913278771718, -0.144681629423637, -0.342039711394218, 
0.127232598460073, -0.00653204310373655, 0.0585806961001011, 
0.495682241371236, 0.257683735181231, 0.167769014239417, 1.06033595175138, 
-1.69616369662173, 0.300913342987991, -0.383956273638084, -1.93178408895500, 
0.374593445339757, 0.481669550381718, -1.44645052380068, 0.0743880885488646, 
