inspectors_detection <-
structure(list(inspectors = structure(c(3L, 27L, 29L, 32L, 34L, 
26L, 24L, 12L, 6L, 33L, 4L, 11L, 18L, 22L, 13L, 9L, 25L, 30L, 
20L, 23L, 15L, 28L, 5L, 1L, 21L, 10L, 35L, 14L, 8L, 31L, 16L, 
19L, 7L, 17L, 2L), .Label = c("Alexander Q", "Alfredo Valdivia", 
"Carlos Paz Carpio", "Christian Velasquez", "Claudia A", "Cristhian Cruz", 
"Edgar Manzaneda", "Fernando Soto", "Giovana M", "Hugo Chancolla", 
"Hugo Vilcahuaman", "Jaime Rojas", "Jorge Ampuero", "Jorge Valverde", 
"Jose Q", "Jose Velasquez", "Juan Jose", "Juan Mendivil Nina", 
"Julio Cesar Condori", "Manuel B", "Manuel Tamayo", "Marco Ortiz", 
"Maria Luz H", "Oscar Barrios Zea", "Oswaldo C", "Paul Telles ", 
"Rene Pinillos", "Renzo S", "Reynaldo Talavera", "Roger Q", "Roger Vilca", 
"Ronald Paredes", "Simeon Champi", "Vander Ticona", "Vidal Mayta"
), class = "factor"), meanbetas = c(0.901610613575549, 0.856687471779076, 
0.906732062050757, 0.917220061551865, 0.941276547804209, 0.883376857641458, 
0.893770628746822, 0.855290184884552, 0.894468327428201, 0.931681310815432, 
0.899335878838352, 0.903734138055906, 0.824290302101511, 0.903928828600029, 
0.919457443000986, 0.890311658139993, 0.895765808848267, 0.92344706501638, 
0.934962654058177, 0.904765877225945, 0.932739865030601, 0.9077643663353, 
0.933674282993708, 0.868244723591842, 0.90944179946306, 0.908290746966751, 
0.928849553005662, 0.926280989086352, 0.912145025909044, 0.892715271719822, 
0.899195752959406, 0.824530662202819, 0.865030764009419, 0.89467215545884, 
0.897334800189523)), .Names = c("inspectors", "meanbetas"), row.names = c("V1", 
"V2", "V3", "V4", "V5", "V6", "V7", "V8", "V9", "V10", "V11", 
"V12", "V13", "V14", "V15", "V16", "V17", "V18", "V19", "V20", 
"V21", "V22", "V23", "V24", "V25", "V26", "V27", "V28", "V29", 
"V30", "V31", "V32", "V33", "V34", "V35"), class = "data.frame")
