ordered_difft <-
structure(c(0, 0.0220026279395275, -0.0202594248255755, -0.015524382034727, 
-0.0204021979691162, -0.0407337812960997, 0, 0.0221883664640254, 
-0.0188494328212283, -0.0109180090767992, -0.019096341521323, 
-0.0397151388859592, 0, 0.0237079628626111, -0.0177664680925113, 
-0.00875548125610284, -0.0174628934202308, -0.036792542748194, 
0, 0.0243582646406958, -0.013947038927854, -0.00846202599468091, 
-0.0172318428849245, -0.0364221378152702, 0, 0.0244025862963054, 
-0.0136173571453449, -0.00816843856227234, -0.0162151548752307, 
-0.0341532729121437, 0, 0.0276122909929379, -0.0131525044670245, 
-0.00767565295458256, -0.015640889901467, -0.0339376048891481, 
0, 0.029087051698731, -0.0127579776235188, -0.00742429852209306, 
-0.0154861092392499, -0.0338055396398211, 0, 0.0314962328081112, 
-0.0125624736156382, -0.00735918182853723, -0.0141419397249904, 
-0.0334564370513127, 0, 0.032124672253758, -0.0124044078954088, 
-0.00680417040914832, -0.014134493461355, -0.0325882179520393, 
0, 0.0323497226185949, -0.0123900013884801, -0.00599719168653703, 
-0.013995100411941, -0.0325221168482047, 0, 0.0329900833009248, 
-0.0120933989888477, -0.00579041821136436, -0.0139388960279087, 
-0.0324687622000329, 0, 0.0341736267499834, -0.011893304280178, 
-0.00548401948422858, -0.0138698348655871, -0.031392439324479, 
0, 0.0344590982267383, -0.0111337881551776, -0.00530219507724608, 
-0.0138694416204524, -0.0312566946911713, 0, 0.0353935277517894, 
-0.0108675697775153, -0.00527262789227445, -0.013840962024566, 
-0.0303724181538781, 0, 0.0353989353006467, -0.0108544550534366, 
-0.00526349929749231, -0.0137462220564735, -0.0296855096225994, 
0, 0.035870240693402, -0.0107701937739946, -0.00522810013905622, 
-0.0132796135651345, -0.0294274983789285, 0, 0.0361172182283636, 
-0.0102766901625235, -0.00498595725904716, -0.0129349679471806, 
-0.0293165524177558, 0, 0.0365410268780826, -0.0102433911839599, 
-0.00450818979250434, -0.0128724012149481, -0.0286175490845513, 
0, 0.0370135908602094, -0.010141198991904, -0.00448594277328251, 
-0.012802372416217, -0.0285368066986555, 0, 0.037099492880654, 
-0.0100357361608952, -0.00436020617016883, -0.0125058916706926, 
-0.0284809353575294, 0, 0.0373288026315402, -0.0100251480195913, 
-0.00407685886805784, -0.0122185159462689, -0.0283901397644853, 
0, 0.0378608696632488, -0.00972844272189785, -0.00377852628612454, 
-0.0122158878207958, -0.0283769599403518, 0, 0.0381798386820523, 
-0.00964843991674336, -0.00359289314163219, -0.0119066010974979, 
-0.0281434914918547, 0, 0.0387622982145678, -0.00954790477238276, 
-0.00354617721294134, -0.0108345320828231, -0.0275750609125337, 
0, 0.0390228577534549, -0.0094767370580906, -0.00333782363728422, 
-0.0105207453002263, -0.0273451340580037, 0, 0.0391580249619072, 
-0.00945145948333612, -0.00328131906408125, -0.0103974268557954, 
-0.0272966008962957, 0, 0.0392694570556206, -0.00936094665677384, 
-0.00323525144171596, -0.00981771956531208, -0.02728478893506, 
0, 0.0397931862789483, -0.00933544045298146, -0.00320654836729423, 
-0.0096882008685651, -0.0271794815758032, 0, 0.0401740957411468, 
-0.00921213855191699, -0.00316170249050751, -0.00957575475118204, 
-0.0265674953341081, 0, 0.0402619665032625, -0.00911657129087448, 
-0.00293086258872352, -0.00949971994378866, -0.0263866916638926, 
0, 0.0406585261752016, -0.00888698415021413, -0.00285491349280229, 
-0.00936187705066517, -0.0257446880223258, 0, 0.0411072790505488, 
-0.00885441002481432, -0.00267357203920204, -0.00918347977206788, 
-0.02572760150851, 0, 0.0412406204112561, -0.00870726787048268, 
-0.00261944970761144, -0.00889263366164372, -0.0254734266849793, 
0, 0.0414490578284878, -0.00858064263878286, -0.00217530069706365, 
-0.00872401523109428, -0.0253449147044845, 0, 0.0417036648320715, 
-0.00856510995352361, -0.00214141083747735, -0.00871596364989599, 
-0.0249355094321756, 0, 0.0420296757428448, -0.0085456058039769, 
-0.00202819461919349, -0.00868064783406793, -0.0248830317574689, 
0, 0.0425729973350403, -0.00845547799318122, -0.00200358360122882, 
-0.00845789778972096, -0.0248703435309434, 0, 0.0426956205156764, 
-0.00840030611805126, -0.00186533183867452, -0.00842975033839462, 
-0.0245769310011065, 0, 0.0427301769238392, -0.0083867586699678, 
-0.00181506423001437, -0.00841612762434266, -0.0245675559990124, 
0, 0.0427874281563828, -0.008151261963012, -0.00181072271103244, 
-0.00835015446988957, -0.0245003287557642, 0, 0.0428471443080771, 
-0.00814216592546249, -0.0016758609436178, -0.00810951965275283, 
-0.0244115901652789, 0, 0.0430043334847706, -0.00808687623536369, 
-0.00154900879940215, -0.00804151920811212, -0.0242594104040743, 
0, 0.043100313641024, -0.00807519411427279, -0.00140977431993036, 
-0.00788209083773152, -0.0241105385285039, 0, 0.0432499667190739, 
-0.0080484992115735, -0.0013166976244503, -0.00780633717488931, 
-0.0240102085344729, 0, 0.0434552924170399, -0.00799520020666114, 
-0.00127195901532995, -0.00774141587046694, -0.0238451017902085, 
0, 0.043500562519814, -0.00799062032644868, -0.00125603655688225, 
-0.00758424556836293, -0.0237499888462886, 0, 0.0435098312752902, 
-0.00795642338445546, -0.00116036119764432, -0.00670254755353079, 
-0.0237014483299215, 0, 0.0438322158671096, -0.00789795392445841, 
-0.00114569722900135, -0.00667078442514173, -0.0235568222406953, 
0, 0.0439909975894278, -0.00786205399758874, -0.000883243653667293, 
-0.00651213232110009, -0.0234990205586984, 0, 0.044000377253017, 
-0.00783691757056765, -0.000851116748451924, -0.00647373506645449, 
-0.0234606689667614, 0, 0.0443965580821538, -0.00774677421148506, 
-0.000815752142172055, -0.00644604572390932, -0.0232991778379253, 
0, 0.0444492312035709, -0.00774031869359212, -0.000805096421604895, 
-0.00644490185572287, -0.0231737693829768, 0, 0.0446445529190643, 
-0.00752050386747855, -0.00077616306748976, -0.00630438360325394, 
-0.023074202960559, 0, 0.0449672470221757, -0.00739839213219573, 
-0.00067791211598317, -0.00603538116333753, -0.0230539666415371, 
0, 0.0450560394935835, -0.00731361488454205, -0.000676212440582635, 
-0.00598515545978801, -0.0229574593891296, 0, 0.0451303836367772, 
-0.00730581089897991, -0.000599551690315531, -0.0059744794632776, 
-0.0228870407907348, 0, 0.0453015418477272, -0.00727302191003973, 
-0.000576186198611661, -0.00586891794746962, -0.0228611124611691, 
0, 0.0458557055650194, -0.00726275783913471, -0.000534540339872436, 
-0.00565907028478084, -0.0226421425690273, 0, 0.0459185103110723, 
-0.00714347748850558, -0.000389259254800683, -0.00554749787270266, 
-0.0222288633899169, 0, 0.0462100841045832, -0.00710588128481668, 
-0.000280942870943462, -0.00551678307302196, -0.0221148022577624, 
0, 0.0462159746293092, -0.00688119033452225, -0.000201819598315972, 
-0.00549766167313732, -0.0219916544216876, 0, 0.0462401638487924, 
-0.00682445945267007, -9.38281453136403e-05, -0.00548783394726807, 
-0.0217840428888975, 0, 0.0466287637765875, -0.00672315341744986, 
-9.32139576838575e-05, -0.00545128771977013, -0.0217573572937535, 
0, 0.0467061527966714, -0.00667882396698616, -7.58179325843211e-05, 
-0.00542068252101716, -0.0216835922098571, 0, 0.0468881481864031, 
-0.00662047252364742, -6.49046158206767e-05, -0.00520028459839758, 
-0.0216827389377483, 0, 0.0471606903019618, -0.00639264290926292, 
-1.31792739155867e-05, -0.00518301651625362, -0.0216337993727101, 
0, 0.0472935870077144, -0.00636629219666912, -1.04283031324703e-05, 
-0.00506634317472789, -0.0215290770297866, 0, 0.0475500838812802, 
-0.00620279403939561, 3.81735070762446e-05, -0.00505992823665768, 
-0.0215157004016857, 0, 0.0476160973412308, -0.00614070063473696, 
8.61003671626948e-05, -0.00505595624368074, -0.0214629693084155, 
0, 0.0476423411145706, -0.00600906648006017, 0.000123785542789107, 
-0.00501768343324151, -0.0214493573527616, 0, 0.0477109499077218, 
-0.00598504044980766, 0.000134897272856788, -0.0048662243530166, 
-0.0214388558037435, 0, 0.048343770950606, -0.0059215083282354, 
0.000226429716710025, -0.00484821556499553, -0.0214096083013714, 
