QualityResult <-
list(list(c(0.05, 0.15, 0.25, 0.35, 0.45, 0.55, 0.65, 0.75, 0.85, 
0.95), c(0, 0.0869565217391304, 0.107142857142857, 0.409090909090909, 
0.5, 0.25, 1, NaN, NaN, NaN), c(0, 6, 3, 9, 6, 1, 1, 0, 0, 0), 
    c(37, 69, 28, 22, 12, 4, 1, 0, 0, 0)), list(c(0.05, 0.15, 
0.25, 0.35, 0.45, 0.55, 0.65, 0.75, 0.85, 0.95), c(0.0540540540540541, 
0.0677966101694915, 0.142857142857143, 0.25, 0.619047619047619, 
0.4, 1, NaN, NaN, NaN), c(2, 4, 4, 5, 13, 2, 3, 0, 0, 0), c(37, 
59, 28, 20, 21, 5, 3, 0, 0, 0)), list(c(0.05, 0.15, 0.25, 0.35, 
0.45, 0.55, 0.65, 0.75, 0.85, 0.95), c(0.102564102564103, 0.107142857142857, 
0.269230769230769, 0.291666666666667, 0.4375, 0.571428571428571, 
0.4, NaN, NaN, NaN), c(4, 6, 7, 7, 7, 4, 2, 0, 0, 0), c(39, 56, 
26, 24, 16, 7, 5, 0, 0, 0)), list(c(0.05, 0.15, 0.25, 0.35, 0.45, 
0.55, 0.65, 0.75, 0.85, 0.95), c(0.0227272727272727, 0.116666666666667, 
0.321428571428571, 0.263157894736842, 0.375, 0.6, 1, NaN, NaN, 
NaN), c(1, 7, 9, 5, 6, 3, 1, 0, 0, 0), c(44, 60, 28, 19, 16, 
5, 1, 0, 0, 0)), list(c(0.05, 0.15, 0.25, 0.35, 0.45, 0.55, 0.65, 
0.75, 0.85, 0.95), c(0.075, 0.109090909090909, 0.0857142857142857, 
0.476190476190476, 0.705882352941177, 0.75, NaN, 1, NaN, NaN), 
    c(3, 6, 3, 10, 12, 3, 0, 1, 0, 0), c(40, 55, 35, 21, 17, 
    4, 0, 1, 0, 0)), list(c(0.05, 0.15, 0.25, 0.35, 0.45, 0.55, 
0.65, 0.75, 0.85, 0.95), c(0.0512820512820513, 0.132075471698113, 
0.214285714285714, 0.333333333333333, 0.5, 0.833333333333333, 
1, NaN, NaN, NaN), c(2, 7, 9, 6, 7, 5, 1, 0, 0, 0), c(39, 53, 
42, 18, 14, 6, 1, 0, 0, 0)), list(c(0.05, 0.15, 0.25, 0.35, 0.45, 
0.55, 0.65, 0.75, 0.85, 0.95), c(0, 0.0714285714285714, 0.0810810810810811, 
0.210526315789474, 0.529411764705882, 0.8, NaN, NaN, NaN, NaN
), c(0, 4, 3, 4, 9, 4, 0, 0, 0, 0), c(39, 56, 37, 19, 17, 5, 
0, 0, 0, 0)), list(c(0.05, 0.15, 0.25, 0.35, 0.45, 0.55, 0.65, 
0.75, 0.85, 0.95), c(0.0357142857142857, 0.114754098360656, 0.285714285714286, 
0.294117647058824, 0.428571428571429, 0.625, 0, NaN, NaN, NaN
), c(1, 7, 12, 5, 6, 5, 0, 0, 0, 0), c(28, 61, 42, 17, 14, 8, 
3, 0, 0, 0)), list(c(0.05, 0.15, 0.25, 0.35, 0.45, 0.55, 0.65, 
0.75, 0.85, 0.95), c(0.0625, 0.1, 0.307692307692308, 0.24, 0.428571428571429, 
1, 0, NaN, NaN, NaN), c(2, 5, 12, 6, 9, 5, 0, 0, 0, 0), c(32, 
50, 39, 25, 21, 5, 1, 0, 0, 0)), list(c(0.05, 0.15, 0.25, 0.35, 
0.45, 0.55, 0.65, 0.75, 0.85, 0.95), c(0, 0.119402985074627, 
0.0909090909090909, 0.523809523809524, 0.461538461538462, 0.857142857142857, 
1, NaN, NaN, NaN), c(0, 8, 3, 11, 6, 6, 1, 0, 0, 0), c(31, 67, 
33, 21, 13, 7, 1, 0, 0, 0)), list(c(0.05, 0.15, 0.25, 0.35, 0.45, 
0.55, 0.65, 0.75, 0.85, 0.95), c(0, 0.127272727272727, 0.2, 0.375, 
0.4375, 0.25, NaN, NaN, NaN, NaN), c(0, 7, 8, 12, 7, 1, 0, 0, 
0, 0), c(26, 55, 40, 32, 16, 4, 0, 0, 0, 0)), list(c(0.05, 0.15, 
0.25, 0.35, 0.45, 0.55, 0.65, 0.75, 0.85, 0.95), c(0.0555555555555556, 
0.163934426229508, 0.155555555555556, 0.354838709677419, 0.333333333333333, 
0.6, 0, NaN, NaN, NaN), c(1, 10, 7, 11, 4, 3, 0, 0, 0, 0), c(18, 
61, 45, 31, 12, 5, 1, 0, 0, 0)), list(c(0.05, 0.15, 0.25, 0.35, 
0.45, 0.55, 0.65, 0.75, 0.85, 0.95), c(0, 0.1, 0.162162162162162, 
0.409090909090909, 0.6875, 0.666666666666667, NaN, NaN, NaN, 
NaN), c(0, 7, 6, 9, 11, 2, 0, 0, 0, 0), c(25, 70, 37, 22, 16, 
3, 0, 0, 0, 0)), list(c(0.05, 0.15, 0.25, 0.35, 0.45, 0.55, 0.65, 
0.75, 0.85, 0.95), c(0.0714285714285714, 0.0615384615384615, 
0.191489361702128, 0.366666666666667, 0.555555555555556, 0.5, 
NaN, NaN, NaN, NaN), c(1, 4, 9, 11, 5, 4, 0, 0, 0, 0), c(14, 
65, 47, 30, 9, 8, 0, 0, 0, 0)), list(c(0.05, 0.15, 0.25, 0.35, 
0.45, 0.55, 0.65, 0.75, 0.85, 0.95), c(0.1, 0.106666666666667, 
0.2, 0.333333333333333, 0.642857142857143, 0.8, NaN, NaN, NaN, 
NaN), c(1, 8, 9, 8, 9, 4, 0, 0, 0, 0), c(10, 75, 45, 24, 14, 
5, 0, 0, 0, 0)), list(c(0.05, 0.15, 0.25, 0.35, 0.45, 0.55, 0.65, 
0.75, 0.85, 0.95), c(0, 0.0571428571428571, 0.132075471698113, 
0.483870967741935, 0.777777777777778, NaN, NaN, NaN, NaN, NaN
), c(0, 4, 7, 15, 7, 0, 0, 0, 0, 0), c(10, 70, 53, 31, 9, 0, 
0, 0, 0, 0)), list(c(0.05, 0.15, 0.25, 0.35, 0.45, 0.55, 0.65, 
0.75, 0.85, 0.95), c(0, 0.123076923076923, 0.25, 0.387096774193548, 
0.5, NaN, NaN, NaN, NaN, NaN), c(0, 8, 16, 12, 3, 0, 0, 0, 0, 
0), c(7, 65, 64, 31, 6, 0, 0, 0, 0, 0)), list(c(0.05, 0.15, 0.25, 
0.35, 0.45, 0.55, 0.65, 0.75, 0.85, 0.95), c(0, 0.154929577464789, 
0.257142857142857, 0.481481481481481, 0.333333333333333, NaN, 
NaN, NaN, NaN, NaN), c(0, 11, 18, 13, 1, 0, 0, 0, 0, 0), c(2, 
71, 70, 27, 3, 0, 0, 0, 0, 0)), list(c(0.05, 0.15, 0.25, 0.35, 
0.45, 0.55, 0.65, 0.75, 0.85, 0.95), c(NaN, 0.0303030303030303, 
0.135416666666667, 0.27906976744186, 0, NaN, NaN, NaN, NaN, NaN
), c(0, 1, 13, 12, 0, 0, 0, 0, 0, 0), c(0, 33, 96, 43, 1, 0, 
0, 0, 0, 0)), list(c(0.05, 0.15, 0.25, 0.35, 0.45, 0.55, 0.65, 
0.75, 0.85, 0.95), c(NaN, NaN, NaN, NaN, 0.145833333333333, 0.163934426229508, 
0.5, NaN, NaN, NaN), c(0, 0, 0, 0, 7, 20, 1, 0, 0, 0), c(0, 0, 
0, 0, 48, 122, 2, 0, 0, 0)))
