saved <-
list(list(1, -1, -1, c(0, 0.0238373451741061, 0.0397289086235102, 
0.0556204720729142, 0.0715120355223183, 0.0874035989717224, 0.103295162421126, 
0.119186725870531, 0.135078289319935, 0.150969852769339, 0.166861416218743, 
0.182752979668147, 0.198644543117551, 0.214536106566955, 0.230427670016359, 
0.246319233465763, 0.262210796915167, 0.278102360364571, 0.293993923813975, 
0.309885487263379, 0.325777050712783, 0.341668614162187, 0.357560177611591, 
0.373451741060996, 0.3893433045104, 0.405234867959804, 0.421126431409208, 
0.437017994858612, 0.452909558308016, 0.46880112175742, 0.484692685206824, 
0.500584248656228, 0.516475812105632, 0.532367375555036, 0.54825893900444, 
0.564150502453844, 0.580042065903248, 0.595933629352652, 0.611825192802057, 
0.627716756251461, 0.643608319700865, 0.659499883150269, 0.675391446599673, 
0.691283010049077, 0.707174573498481, 0.723066136947885, 0.738957700397289, 
0.754849263846693, 0.770740827296097, 0.786632390745501, 0.802523954194905, 
0.818415517644309, 0.834307081093713, 0.850198644543118, 0.866090207992522, 
0.881981771441926, 0.89787333489133, 0.913764898340734, 0.929656461790138, 
0.945548025239542, 0.961439588688946, 0.97733115213835, 0.993222715587754, 
1, 0, 0, 0, 0, 0, 0, 0, 0, 0, 0, 0, 0, 0, 0, 0, 0, 0, 0, 0, 0, 
0, 0, 0, 0, 0, 0, 0, 0, 0, 0, 0, 0, 0, 0, 0, 0, 0, 0, 0, 0, 0, 
0, 0, 0, 0, 0, 0, 0, 0, 0, 0, 0, 0, 0, 0, 0, 0, 0, 0, 0, 0, 0, 
0, 0, 0, 0, 0, 0, 0, 0, 0, 0, 0, 0, 0, 0, 0, 0, 0, 0, 0, 0, 0, 
0, 0, 0, 0), c(0, 0.101173020527859, 0.143695014662757, 0.195014662756598, 
0.227272727272727, 0.255131964809384, 0.280058651026393, 0.313782991202346, 
0.332844574780059, 0.357771260997067, 0.401759530791789, 0.436950146627566, 
0.461876832844575, 0.478005865102639, 0.497067448680352, 0.505865102639296, 
0.516129032258065, 0.521994134897361, 0.532258064516129, 0.541055718475073, 
0.55425219941349, 0.579178885630499, 0.593841642228739, 0.620234604105572, 
0.643695014662757, 0.653958944281525, 0.670087976539589, 0.689149560117302, 
0.703812316715543, 0.718475073313783, 0.736070381231672, 0.747800586510264, 
0.755131964809384, 0.772727272727273, 0.785923753665689, 0.80058651026393, 
0.818181818181818, 0.828445747800587, 0.843108504398827, 0.853372434017595, 
0.86217008797654, 0.873900293255132, 0.87683284457478, 0.878299120234604, 
0.8841642228739, 0.885630498533724, 0.897360703812317, 0.909090909090909, 
0.916422287390029, 0.922287390029325, 0.934017595307918, 0.944281524926686, 
0.948680351906158, 0.960410557184751, 0.966275659824047, 0.970674486803519, 
0.975073313782991, 0.978005865102639, 0.979472140762463, 0.98533724340176, 
0.989736070381232, 0.995601173020528, 0.998533724340176, 1, 0, 
0, 0, 0, 0, 0, 0, 0, 0, 0, 0, 0, 0, 0, 0, 0, 0, 0, 0, 0, 0, 0, 
0, 0, 0, 0, 0, 0, 0, 0, 0, 0, 0, 0, 0, 0, 0, 0, 0, 0, 0, 0, 0, 
0, 0, 0, 0, 0, 0, 0, 0, 0, 0, 0, 0, 0, 0, 0, 0, 0, 0, 0, 0, 0, 
0, 0, 0, 0, 0, 0, 0, 0, 0, 0, 0, 0, 0, 0, 0, 0, 0, 0, 0, 0, 0, 
0, 0)), list(1, -0.5, -0.5, c(0, 0.0238373451741061, 0.0397289086235102, 
0.0556204720729142, 0.0715120355223183, 0.0874035989717224, 0.103295162421126, 
0.119186725870531, 0.135078289319935, 0.150969852769339, 0.166861416218743, 
0.182752979668147, 0.198644543117551, 0.214536106566955, 0.230427670016359, 
0.246319233465763, 0.262210796915167, 0.278102360364571, 0.293993923813975, 
0.309885487263379, 0.325777050712783, 0.341668614162187, 0.357560177611591, 
0.373451741060996, 0.3893433045104, 0.405234867959804, 0.421126431409208, 
0.437017994858612, 0.452909558308016, 0.46880112175742, 0.484692685206824, 
0.500584248656228, 0.516475812105632, 0.532367375555036, 0.54825893900444, 
0.564150502453844, 0.580042065903248, 0.595933629352652, 0.611825192802057, 
0.627716756251461, 0.643608319700865, 0.659499883150269, 0.675391446599673, 
0.691283010049077, 0.707174573498481, 0.723066136947885, 0.738957700397289, 
0.754849263846693, 0.770740827296097, 0.786632390745501, 0.802523954194905, 
0.818415517644309, 0.834307081093713, 0.850198644543118, 0.866090207992522, 
0.881981771441926, 0.89787333489133, 0.913764898340734, 0.929656461790138, 
0.945548025239542, 0.961439588688946, 0.97733115213835, 0.993222715587754, 
1, 0, 0, 0, 0, 0, 0, 0, 0, 0, 0, 0, 0, 0, 0, 0, 0, 0, 0, 0, 0, 
0, 0, 0, 0, 0, 0, 0, 0, 0, 0, 0, 0, 0, 0, 0, 0, 0, 0, 0, 0, 0, 
0, 0, 0, 0, 0, 0, 0, 0, 0, 0, 0, 0, 0, 0, 0, 0, 0, 0, 0, 0, 0, 
0, 0, 0, 0, 0, 0, 0, 0, 0, 0, 0, 0, 0, 0, 0, 0, 0, 0, 0, 0, 0, 
0, 0, 0, 0), c(0, 0.101173020527859, 0.145161290322581, 0.196480938416422, 
0.222873900293255, 0.258064516129032, 0.287390029325513, 0.304985337243402, 
0.326979472140762, 0.363636363636364, 0.379765395894428, 0.398826979472141, 
0.419354838709677, 0.429618768328446, 0.463343108504399, 0.48533724340176, 
0.502932551319648, 0.521994134897361, 0.539589442815249, 0.548387096774194, 
0.565982404692082, 0.585043988269795, 0.626099706744868, 0.652492668621701, 
0.667155425219941, 0.686217008797654, 0.697947214076246, 0.702346041055719, 
0.709677419354839, 0.722873900293255, 0.74633431085044, 0.759530791788856, 
0.781524926686217, 0.794721407624633, 0.80791788856305, 0.816715542521994, 
0.834310850439883, 0.847507331378299, 0.853372434017595, 0.857771260997067, 
0.86217008797654, 0.870967741935484, 0.890029325513196, 0.898826979472141, 
0.900293255131965, 0.903225806451613, 0.913489736070381, 0.920821114369501, 
0.932551319648094, 0.944281524926686, 0.951612903225806, 0.958944281524927, 
0.963343108504399, 0.967741935483871, 0.975073313782991, 0.980938416422287, 
0.982404692082111, 0.988269794721408, 0.991202346041056, 0.994134897360704, 
0.994134897360704, 0.997067448680352, 0.997067448680352, 1, 0, 
0, 0, 0, 0, 0, 0, 0, 0, 0, 0, 0, 0, 0, 0, 0, 0, 0, 0, 0, 0, 0, 
0, 0, 0, 0, 0, 0, 0, 0, 0, 0, 0, 0, 0, 0, 0, 0, 0, 0, 0, 0, 0, 
0, 0, 0, 0, 0, 0, 0, 0, 0, 0, 0, 0, 0, 0, 0, 0, 0, 0, 0, 0, 0, 
0, 0, 0, 0, 0, 0, 0, 0, 0, 0, 0, 0, 0, 0, 0, 0, 0, 0, 0, 0, 0, 
0, 0)), list(1, 0, 0, c(0, 0.0238373451741061, 0.0397289086235102, 
0.0556204720729142, 0.0715120355223183, 0.0874035989717224, 0.103295162421126, 
0.119186725870531, 0.135078289319935, 0.150969852769339, 0.166861416218743, 
0.182752979668147, 0.198644543117551, 0.214536106566955, 0.230427670016359, 
0.246319233465763, 0.262210796915167, 0.278102360364571, 0.293993923813975, 
0.309885487263379, 0.325777050712783, 0.341668614162187, 0.357560177611591, 
0.373451741060996, 0.3893433045104, 0.405234867959804, 0.421126431409208, 
0.437017994858612, 0.452909558308016, 0.46880112175742, 0.484692685206824, 
0.500584248656228, 0.516475812105632, 0.532367375555036, 0.54825893900444, 
0.564150502453844, 0.580042065903248, 0.595933629352652, 0.611825192802057, 
0.627716756251461, 0.643608319700865, 0.659499883150269, 0.675391446599673, 
0.691283010049077, 0.707174573498481, 0.723066136947885, 0.738957700397289, 
0.754849263846693, 0.770740827296097, 0.786632390745501, 0.802523954194905, 
0.818415517644309, 0.834307081093713, 0.850198644543118, 0.866090207992522, 
0.881981771441926, 0.89787333489133, 0.913764898340734, 0.929656461790138, 
0.945548025239542, 0.961439588688946, 0.97733115213835, 0.993222715587754, 
1, 0, 0, 0, 0, 0, 0, 0, 0, 0, 0, 0, 0, 0, 0, 0, 0, 0, 0, 0, 0, 
0, 0, 0, 0, 0, 0, 0, 0, 0, 0, 0, 0, 0, 0, 0, 0, 0, 0, 0, 0, 0, 
0, 0, 0, 0, 0, 0, 0, 0, 0, 0, 0, 0, 0, 0, 0, 0, 0, 0, 0, 0, 0, 
0, 0, 0, 0, 0, 0, 0, 0, 0, 0, 0, 0, 0, 0, 0, 0, 0, 0, 0, 0, 0, 
0, 0, 0, 0), c(0, 0.101173020527859, 0.143695014662757, 0.189149560117302, 
0.221407624633431, 0.250733137829912, 0.282991202346041, 0.31524926686217, 
0.334310850439883, 0.350439882697947, 0.379765395894428, 0.401759530791789, 
0.420821114369501, 0.439882697947214, 0.463343108504399, 0.480938416422287, 
0.48533724340176, 0.501466275659824, 0.530791788856305, 0.549853372434018, 
0.570381231671554, 0.593841642228739, 0.626099706744868, 0.640762463343108, 
0.670087976539589, 0.69941348973607, 0.721407624633431, 0.737536656891496, 
0.749266862170088, 0.763929618768328, 0.780058651026393, 0.797653958944281, 
