saved <-
list(list(1, -1, -1, c(0, 0.0238373451741061, 0.0397289086235102, 
0.0556204720729142, 0.0715120355223183, 0.0874035989717224, 0.103295162421126, 
0.119186725870531, 0.135078289319935, 0.150969852769339, 0.166861416218743, 
0.182752979668147, 0.198644543117551, 0.214536106566955, 0.230427670016359, 
0.246319233465763, 0.262210796915167, 0.278102360364571, 0.293993923813975, 
0.309885487263379, 0.325777050712783, 0.341668614162187, 0.357560177611591, 
0.373451741060996, 0.3893433045104, 0.405234867959804, 0.421126431409208, 
0.437017994858612, 0.452909558308016, 0.46880112175742, 0.484692685206824, 
0.500584248656228, 0.516475812105632, 0.532367375555036, 0.54825893900444, 
0.564150502453844, 0.580042065903248, 0.595933629352652, 0.611825192802057, 
0.627716756251461, 0.643608319700865, 0.659499883150269, 0.675391446599673, 
0.691283010049077, 0.707174573498481, 0.723066136947885, 0.738957700397289, 
0.754849263846693, 0.770740827296097, 0.786632390745501, 0.802523954194905, 
0.818415517644309, 0.834307081093713, 0.850198644543118, 0.866090207992522, 
0.881981771441926, 0.89787333489133, 0.913764898340734, 0.929656461790138, 
0.945548025239542, 0.961439588688946, 0.97733115213835, 0.993222715587754, 
1, 0, 0, 0, 0, 0, 0, 0, 0, 0, 0, 0, 0, 0, 0, 0, 0, 0, 0, 0, 0, 
0, 0, 0, 0, 0, 0, 0, 0, 0, 0, 0, 0, 0, 0, 0, 0, 0, 0, 0, 0, 0, 
0, 0, 0, 0, 0, 0, 0, 0, 0, 0, 0, 0, 0, 0, 0, 0, 0, 0, 0, 0, 0, 
0, 0, 0, 0, 0, 0, 0, 0, 0, 0, 0, 0, 0, 0, 0, 0, 0, 0, 0, 0, 0, 
0, 0, 0, 0), c(0, 0.0967741935483871, 0.143695014662757, 0.18475073313783, 
0.228739002932551, 0.252199413489736, 0.277126099706745, 0.291788856304985, 
0.31524926686217, 0.346041055718475, 0.387096774193548, 0.417888563049853, 
0.435483870967742, 0.439882697947214, 0.447214076246334, 0.457478005865103, 
0.472140762463343, 0.475073313782991, 0.482404692082111, 0.5, 
0.51466275659824, 0.541055718475073, 0.573313782991202, 0.590909090909091, 
0.609970674486804, 0.620234604105572, 0.631964809384164, 0.645161290322581, 
0.655425219941349, 0.670087976539589, 0.69208211143695, 0.705278592375367, 
0.724340175953079, 0.743401759530792, 0.750733137829912, 0.75366568914956, 
0.766862170087977, 0.784457478005865, 0.80058651026393, 0.825513196480938, 
0.832844574780059, 0.843108504398827, 0.853372434017595, 0.865102639296188, 
0.873900293255132, 0.8841642228739, 0.891495601173021, 0.898826979472141, 
0.903225806451613, 0.910557184750733, 0.93108504398827, 0.935483870967742, 
0.939882697947214, 0.947214076246334, 0.951612903225806, 0.957478005865103, 
0.961876832844575, 0.969208211143695, 0.979472140762463, 0.986803519061584, 
0.988269794721408, 0.995601173020528, 0.998533724340176, 1, 0, 
0, 0, 0, 0, 0, 0, 0, 0, 0, 0, 0, 0, 0, 0, 0, 0, 0, 0, 0, 0, 0, 
0, 0, 0, 0, 0, 0, 0, 0, 0, 0, 0, 0, 0, 0, 0, 0, 0, 0, 0, 0, 0, 
0, 0, 0, 0, 0, 0, 0, 0, 0, 0, 0, 0, 0, 0, 0, 0, 0, 0, 0, 0, 0, 
0, 0, 0, 0, 0, 0, 0, 0, 0, 0, 0, 0, 0, 0, 0, 0, 0, 0, 0, 0, 0, 
0, 0)), list(1, -0.5, -0.5, c(0, 0.0238373451741061, 0.0397289086235102, 
0.0556204720729142, 0.0715120355223183, 0.0874035989717224, 0.103295162421126, 
0.119186725870531, 0.135078289319935, 0.150969852769339, 0.166861416218743, 
0.182752979668147, 0.198644543117551, 0.214536106566955, 0.230427670016359, 
0.246319233465763, 0.262210796915167, 0.278102360364571, 0.293993923813975, 
0.309885487263379, 0.325777050712783, 0.341668614162187, 0.357560177611591, 
0.373451741060996, 0.3893433045104, 0.405234867959804, 0.421126431409208, 
0.437017994858612, 0.452909558308016, 0.46880112175742, 0.484692685206824, 
0.500584248656228, 0.516475812105632, 0.532367375555036, 0.54825893900444, 
0.564150502453844, 0.580042065903248, 0.595933629352652, 0.611825192802057, 
0.627716756251461, 0.643608319700865, 0.659499883150269, 0.675391446599673, 
0.691283010049077, 0.707174573498481, 0.723066136947885, 0.738957700397289, 
0.754849263846693, 0.770740827296097, 0.786632390745501, 0.802523954194905, 
0.818415517644309, 0.834307081093713, 0.850198644543118, 0.866090207992522, 
0.881981771441926, 0.89787333489133, 0.913764898340734, 0.929656461790138, 
0.945548025239542, 0.961439588688946, 0.97733115213835, 0.993222715587754, 
1, 0, 0, 0, 0, 0, 0, 0, 0, 0, 0, 0, 0, 0, 0, 0, 0, 0, 0, 0, 0, 
0, 0, 0, 0, 0, 0, 0, 0, 0, 0, 0, 0, 0, 0, 0, 0, 0, 0, 0, 0, 0, 
0, 0, 0, 0, 0, 0, 0, 0, 0, 0, 0, 0, 0, 0, 0, 0, 0, 0, 0, 0, 0, 
0, 0, 0, 0, 0, 0, 0, 0, 0, 0, 0, 0, 0, 0, 0, 0, 0, 0, 0, 0, 0, 
0, 0, 0, 0), c(0, 0.0967741935483871, 0.143695014662757, 0.190615835777126, 
0.228739002932551, 0.271260997067449, 0.285923753665689, 0.302052785923754, 
0.321114369501466, 0.351906158357771, 0.36950146627566, 0.387096774193548, 
0.414956011730205, 0.442815249266862, 0.456011730205279, 0.464809384164223, 
0.478005865102639, 0.5, 0.529325513196481, 0.56158357771261, 
0.589442815249267, 0.607038123167155, 0.62316715542522, 0.643695014662757, 
0.653958944281525, 0.67741935483871, 0.695014662756598, 0.709677419354839, 
0.728739002932551, 0.747800586510264, 0.763929618768328, 0.772727272727273, 
0.780058651026393, 0.790322580645161, 0.799120234604106, 0.810850439882698, 
0.813782991202346, 0.821114369501466, 0.825513196480938, 0.831378299120235, 
0.840175953079179, 0.851906158357771, 0.859237536656892, 0.875366568914956, 
0.878299120234604, 0.891495601173021, 0.898826979472141, 0.904692082111437, 
0.909090909090909, 0.916422287390029, 0.925219941348974, 0.941348973607038, 
0.947214076246334, 0.957478005865103, 0.961876832844575, 0.966275659824047, 
0.972140762463343, 0.976539589442815, 0.979472140762463, 0.982404692082111, 
0.98533724340176, 0.994134897360704, 0.997067448680352, 1, 0, 
0, 0, 0, 0, 0, 0, 0, 0, 0, 0, 0, 0, 0, 0, 0, 0, 0, 0, 0, 0, 0, 
0, 0, 0, 0, 0, 0, 0, 0, 0, 0, 0, 0, 0, 0, 0, 0, 0, 0, 0, 0, 0, 
0, 0, 0, 0, 0, 0, 0, 0, 0, 0, 0, 0, 0, 0, 0, 0, 0, 0, 0, 0, 0, 
0, 0, 0, 0, 0, 0, 0, 0, 0, 0, 0, 0, 0, 0, 0, 0, 0, 0, 0, 0, 0, 
0, 0)), list(1, 0, 0, c(0, 0.0238373451741061, 0.0397289086235102, 
0.0556204720729142, 0.0715120355223183, 0.0874035989717224, 0.103295162421126, 
0.119186725870531, 0.135078289319935, 0.150969852769339, 0.166861416218743, 
0.182752979668147, 0.198644543117551, 0.214536106566955, 0.230427670016359, 
0.246319233465763, 0.262210796915167, 0.278102360364571, 0.293993923813975, 
0.309885487263379, 0.325777050712783, 0.341668614162187, 0.357560177611591, 
0.373451741060996, 0.3893433045104, 0.405234867959804, 0.421126431409208, 
0.437017994858612, 0.452909558308016, 0.46880112175742, 0.484692685206824, 
0.500584248656228, 0.516475812105632, 0.532367375555036, 0.54825893900444, 
0.564150502453844, 0.580042065903248, 0.595933629352652, 0.611825192802057, 
0.627716756251461, 0.643608319700865, 0.659499883150269, 0.675391446599673, 
0.691283010049077, 0.707174573498481, 0.723066136947885, 0.738957700397289, 
0.754849263846693, 0.770740827296097, 0.786632390745501, 0.802523954194905, 
0.818415517644309, 0.834307081093713, 0.850198644543118, 0.866090207992522, 
0.881981771441926, 0.89787333489133, 0.913764898340734, 0.929656461790138, 
0.945548025239542, 0.961439588688946, 0.97733115213835, 0.993222715587754, 
1, 0, 0, 0, 0, 0, 0, 0, 0, 0, 0, 0, 0, 0, 0, 0, 0, 0, 0, 0, 0, 
0, 0, 0, 0, 0, 0, 0, 0, 0, 0, 0, 0, 0, 0, 0, 0, 0, 0, 0, 0, 0, 
0, 0, 0, 0, 0, 0, 0, 0, 0, 0, 0, 0, 0, 0, 0, 0, 0, 0, 0, 0, 0, 
0, 0, 0, 0, 0, 0, 0, 0, 0, 0, 0, 0, 0, 0, 0, 0, 0, 0, 0, 0, 0, 
0, 0, 0, 0), c(0, 0.0967741935483871, 0.143695014662757, 0.18475073313783, 
0.227272727272727, 0.26099706744868, 0.287390029325513, 0.30791788856305, 
0.331378299120235, 0.350439882697947, 0.36950146627566, 0.388563049853372, 
0.410557184750733, 0.42375366568915, 0.442815249266862, 0.467741935483871, 
0.491202346041056, 0.508797653958944, 0.520527859237537, 0.536656891495601, 
0.580645161290323, 0.602639296187683, 0.620234604105572, 0.624633431085044, 
0.63782991202346, 0.671554252199413, 0.708211143695015, 0.740469208211144, 
0.752199413489736, 0.765395894428152, 0.772727272727273, 0.785923753665689, 
